Culabria  (1648,1809)
Achaia  (2033,1985)  (2069,2019)
Brittany  (662,1427)  (697,1463)  (597,1390)  (561,1380)
Lodejnoje Pole  (2624,600)  (2588,595)  (2659,636)  (2624,564)  (2660,564)  (2660,600)  (2584,559)  (2695,636)  (2661,672)  (2696,545)  (2696,581)  (2724,672)  (2731,618)  (2732,551)  (2767,628)
Messina  (1616,1987)
Northumberland  (605,1016)  (641,1008)  (677,1022)
Marrakech  (281,2342)  (245,2377)  (245,2341)  (316,2378)  (281,2306)  (317,2306)  (317,2342)  (280,2413)  (244,2413)  (352,2378)  (352,2414)  (316,2414)  (289,2270)  (325,2270)  (353,2306)  (353,2342)  (361,2262)  (388,2378)  (388,2414)  (389,2298)  (389,2334)  (397,2236)  (424,2434)
Roskilde  (1429,957)
Buda  (1779,1454)  (1743,1470)  (1810,1490)  (1808,1418)  (1815,1454)  (1844,1398)  (1707,1460)  (1851,1434)  (1851,1470)  (1880,1383)  (1887,1419)  (1887,1455)  (1887,1491)  (1916,1373)  (1923,1409)  (1959,1378)
Maghreb  (536,2298)  (500,2333)  (500,2297)  (571,2334)  (536,2262)  (572,2262)  (572,2298)  (535,2369)  (499,2369)  (464,2333)  (464,2297)  (607,2334)  (607,2370)  (571,2370)  (463,2370)  (521,2226)  (557,2226)  (593,2226)  (608,2262)  (608,2298)  (629,2209)  (535,2405)  (499,2405)  (643,2334)  (643,2370)  (643,2406)  (607,2406)  (538,2190)  (574,2190)  (644,2245)  (644,2281)  (679,2317)  (679,2353)  (679,2389)  (537,2154)  (573,2154)  (715,2341)  (715,2377)  (751,2382)
Bremen  (1192,1106)  (1228,1099)  (1228,1135)  (1264,1098)  (1264,1153)  (1300,1078)
Leon  (319,1686)  (283,1721)  (283,1685)  (354,1722)  (355,1669)  (391,1669)  (427,1669)
Breslau  (1577,1195)  (1613,1179)  (1613,1215)  (1649,1184)  (1649,1220)  (1685,1226)
Dijon  (922,1459)  (886,1484)  (930,1495)  (958,1434)  (966,1470)  (987,1394)  (994,1430)  (1002,1466)  (1030,1411)  (1038,1447)
Faroerne  (373,567)
Benghazi  (1827,2466)  (1863,2437)  (1901,2429)  (1864,2477)  (1902,2488)  (1940,2477)  (1978,2470)  (2016,2461)  (2054,2453)  (2093,2443)  (2130,2444)  (2166,2444)  (2204,2444)  (2215,2405)  (2220,2365)  (2182,2340)  (2142,2332)  (2102,2321)  (2063,2293)  (2023,2285)  (1984,2299)  (1947,2333)  (1950,2372)  (1939,2410)  (1975,2431)  (1986,2339)  (2023,2327)  (2060,2334)  (1989,2379)  (2026,2370)  (2063,2372)  (2101,2361)  (2140,2371)  (2179,2380)  (2139,2407)  (2100,2401)  (2057,2410)  (2016,2415)
Toulouse  (786,1678)  (814,1714)  (822,1676)
Cheshire  (627,1123)  (658,1159)  (649,1087)  (663,1123)
Aquileia  (1594,1519)  (1630,1509)
Castille  (574,1811)  (538,1838)  (538,1802)  (609,1847)  (574,1775)  (610,1775)  (610,1811)  (538,1766)  (573,1874)  (645,1847)  (646,1760)  (646,1796)  (681,1832)  (682,1760)  (682,1796)
Normandy  (705,1334)  (687,1372)
Jerusalem  (2839,2394)  (2874,2371)  (2870,2333)  (2908,2332)
Vitebsk  (2344,1002)  (2308,1007)  (2380,984)  (2380,1020)  (2397,1056)  (2285,971)  (2416,986)  (2433,1022)  (2433,1058)  (2397,1092)  (2434,1094)  (2249,984)  (2452,985)  (2469,1021)  (2469,1057)  (2213,973)  (2505,1042)  (2505,1078)  (2527,1114)  (2563,1110)
Leinster  (365,1096)  (355,1132)
Montpellier  (910,1644)  (946,1630)  (982,1614)
Navarre  (544,1696)  (580,1677)  (616,1681)  (652,1682)  (688,1706)
Tangier  (426,2159)  (460,2195)  (424,2195)  (447,2123)  (462,2159)
Karaman  (2501,1933)  (2514,1969)  (2551,1968)  (2587,1993)  (2620,2030)  (2657,2038)  (2677,2000)  (2678,1962)  (2641,1925)  (2615,1888)  (2577,1896)  (2541,1929)  (2586,1934)  (2626,1961)
Tripoli  (1516,2359)  (1480,2394)  (1480,2358)  (1551,2395)  (1516,2323)  (1552,2323)  (1552,2359)  (1478,2322)  (1444,2416)  (1587,2395)  (1587,2431)  (1514,2287)  (1550,2287)  (1588,2299)  (1588,2335)  (1450,2286)  (1623,2371)  (1623,2407)  (1623,2443)  (1624,2311)  (1659,2367)  (1659,2403)  (1659,2439)  (1695,2376)  (1695,2412)  (1695,2448)  (1731,2380)  (1731,2416)  (1735,2452)  (1767,2388)  (1771,2424)
Beloozero  (2689,742)  (2653,773)  (2653,737)  (2724,778)  (2725,719)  (2760,755)  (2760,791)  (2724,814)  (2761,718)  (2796,754)  (2796,790)  (2797,686)  (2832,722)  (2832,758)  (2832,794)  (2833,667)  (2855,576)  (2868,703)  (2868,739)  (2868,775)  (2869,661)  (2887,613)  (2904,697)  (2904,733)  (2904,769)  (2905,649)  (2940,685)
Trebizond  (2856,1866)  (2893,1872)  (2929,1878)  (2966,1880)  (3002,1872)  (3039,1856)  (2883,1828)  (2920,1834)  (2956,1840)  (2993,1834)  (3030,1816)
Suzdal-Nizhegorod  (2916,976)  (2950,1012)  (2914,1012)  (2952,950)  (2986,986)  (2988,935)  (3022,971)  (3024,903)  (3030,1007)
Abo  (2118,598)  (2082,633)  (2082,597)  (2153,634)  (2118,562)  (2154,562)  (2154,598)  (2080,561)  (2117,669)  (2046,655)  (2046,619)  (2189,634)  (2189,670)  (2153,670)  (2173,526)  (2190,562)  (2190,598)  (2044,583)  (2044,547)  (2209,525)  (2225,634)  (2226,561)  (2226,597)  (2245,510)  (2261,633)  (2262,546)  (2262,582)  (2281,505)  (2297,618)  (2298,541)  (2298,577)  (2333,613)
Varna  (2183,1590)  (2222,1593)  (2216,1630)  (2229,1666)  (2245,1705)  (2268,1666)  (2308,1671)  (2345,1677)  (2260,1626)  (2298,1625)  (2337,1628)  (2377,1631)  (2376,1590)  (2334,1587)  (2293,1639)
Rheims  (933,1299)  (960,1263)  (969,1299)  (983,1335)  (1005,1274)  (1019,1337)
Stettin  (1413,1070)  (1449,1066)  (1485,1052)  (1489,1088)  (1525,1057)
Damascus  (2886,2276)  (2922,2279)  (2959,2269)  (2920,2238)  (2955,2219)
Limoges  (774,1528)  (809,1564)  (764,1492)  (810,1501)
Pomerania  (1651,1085)  (1615,1120)  (1615,1084)  (1686,1121)  (1687,1056)  (1579,1117)  (1722,1092)  (1723,1047)  (1759,1030)  (1759,1066)  (1795,1025)  (1795,1061)  (1831,1042)
Prussia  (1907,1078)  (1871,1083)  (1942,1114)  (1919,1042)  (1943,1078)  (1955,1030)  (1978,1114)  (1978,1150)  (1979,1066)  (1991,1023)  (2014,1102)  (2014,1138)
Ryazan  (2921,1128)  (2956,1164)  (2920,1164)  (2885,1092)  (2921,1092)  (2957,1092)  (2957,1128)  (2992,1164)  (2967,1200)  (2931,1200)  (2993,1056)  (2993,1092)  (2993,1128)  (3028,1164)  (3029,1062)  (3029,1098)
Crete  (2202,2129)
Bergen  (1194,660)  (1158,695)  (1158,659)  (1229,696)  (1194,624)  (1230,624)  (1230,660)  (1156,623)  (1193,731)  (1157,731)  (1122,695)  (1122,659)  (1265,696)  (1265,732)  (1229,732)  (1192,588)  (1266,598)  (1266,634)  (1120,623)  (1138,587)  (1193,767)  (1157,767)  (1301,670)  (1301,706)  (1301,742)  (1257,768)  (1302,608)  (1337,644)  (1337,680)  (1337,716)  (1338,604)  (1373,640)  (1373,676)  (1374,591)  (1409,627)  (1445,599)
Cartagena  (623,1963)  (587,1998)  (648,1999)  (634,1927)  (659,1963)  (670,1916)  (695,1952)  (689,1880)  (706,1916)
Sabhah  (1618,2546)  (1582,2580)  (1582,2544)  (1618,2510)  (1654,2510)  (1654,2546)  (1579,2508)  (1546,2566)  (1690,2492)  (1690,2528)  (1690,2564)  (1543,2530)  (1543,2494)  (1726,2495)  (1726,2531)  (1726,2567)  (1507,2500)  (1762,2497)  (1762,2533)  (1762,2569)  (1798,2508)  (1798,2544)  (1798,2580)
Galich  (2095,1281)  (2059,1316)  (2130,1317)  (2131,1260)  (2135,1224)  (2094,1352)  (2058,1352)  (2166,1296)  (2166,1332)  (2130,1353)  (2167,1260)  (2171,1205)  (2134,1188)  (2202,1296)  (2203,1241)  (2170,1169)  (2206,1169)  (2207,1205)  (2238,1277)  (2239,1241)  (2242,1143)  (2243,1179)
Pskov  (2328,854)  (2363,890)  (2327,890)  (2309,818)  (2345,818)  (2364,854)  (2381,801)  (2399,890)  (2399,926)  (2363,926)  (2327,926)  (2333,782)  (2400,837)  (2369,765)  (2405,765)  (2417,801)  (2435,873)  (2435,909)  (2436,837)  (2471,888)
Sinope  (2660,1859)  (2688,1896)  (2723,1909)  (2761,1905)  (2697,1840)  (2699,1801)  (2702,1763)  (2738,1762)  (2776,1762)  (2814,1778)  (2827,1815)  (2803,1852)  (2765,1866)  (2729,1865)  (2738,1828)  (2776,1820)  (2737,1794)
Kostroma  (2909,845)  (2944,881)  (2908,881)  (2945,821)  (2980,857)  (3000,754)  (3016,824)  (2984,718)  (3020,718)  (3036,754)  (3052,790)  (3017,682)
Pozsony  (1862,1323)  (1826,1343)  (1898,1316)  (1934,1308)  (1970,1305)
Cyprus  (2674,2138)
Denmark  (1272,909)  (1303,945)  (1308,885)  (1301,981)  (1313,1017)
Petcheneg  (2765,1328)  (2729,1346)  (2729,1310)  (2800,1364)  (2765,1292)  (2801,1292)  (2801,1328)  (2710,1274)  (2693,1333)  (2836,1364)  (2836,1400)  (2800,1400)  (2837,1278)  (2837,1314)  (2674,1297)  (2674,1261)  (2872,1350)  (2872,1386)  (2872,1422)  (2873,1271)  (2873,1307)  (2638,1279)  (2908,1343)  (2908,1379)  (2908,1415)  (2909,1254)  (2909,1290)  (2944,1326)  (2944,1362)  (2944,1398)  (2945,1266)
Antioch  (2854,2099)  (2891,2114)  (2912,2153)  (2951,2165)  (2904,2076)
Vienna  (1505,1445)  (1469,1480)  (1469,1444)  (1541,1424)  (1541,1460)  (1433,1434)  (1577,1415)  (1577,1451)  (1613,1409)  (1613,1445)  (1649,1402)  (1649,1438)  (1685,1385)  (1721,1353)  (1721,1389)  (1757,1353)  (1757,1389)
Barca  (2330,2433)  (2294,2449)  (2294,2413)  (2365,2469)  (2330,2397)  (2366,2397)  (2366,2433)  (2273,2377)  (2401,2469)  (2401,2505)  (2365,2505)  (2402,2391)  (2402,2427)  (2437,2463)  (2437,2499)  (2438,2417)  (2473,2455)  (2473,2491)  (2509,2489)
Crimea  (2728,1547)  (2764,1538)
Reggio  (1722,1897)  (1701,1854)
Surrey  (726,1164)  (715,1200)
Armenia  (2826,1924)  (2864,1914)  (2903,1921)  (2943,1920)  (2988,1925)  (3028,1920)  (2894,1959)  (2933,1958)  (2973,1963)  (3014,1960)  (3052,1959)
Bona  (1190,2095)  (1225,2131)  (1178,2059)  (1214,2059)  (1226,2095)  (1261,2131)
Corsica  (1292,1723)
Paris  (871,1370)  (906,1406)  (866,1334)  (907,1352)  (943,1371)
Croatia  (1695,1534)  (1704,1570)  (1731,1510)  (1715,1606)  (1767,1534)
Serbia  (1900,1606)  (1864,1578)  (1935,1642)  (1899,1642)  (1900,1570)  (1936,1570)  (1936,1606)  (1971,1642)  (1914,1678)  (1878,1685)
Estonia  (2191,768)  (2155,773)  (2226,804)  (2227,748)  (2262,784)  (2263,743)
Athens  (1978,1882)  (2019,1859)  (2016,1899)  (2056,1919)  (2102,1934)  (2062,1879)
Brunswick  (1347,1209)  (1380,1245)  (1344,1245)  (1356,1173)
Constantinople  (2299,1762)  (2304,1726)  (2335,1762)
Flanders  (996,1217)  (1032,1203)  (1047,1239)
Burgundy  (1092,1481)  (1099,1445)  (1099,1517)  (1128,1481)  (1135,1438)  (1090,1409)  (1164,1474)
Strassburg  (1289,1373)  (1253,1393)  (1325,1366)  (1325,1402)  (1361,1356)  (1397,1355)  (1433,1343)
Cyrene  (1876,2553)  (1913,2539)  (1950,2532)  (1985,2517)  (2023,2510)  (2061,2504)  (2098,2489)  (2136,2488)  (2175,2490)  (2214,2490)  (2252,2484)  (2266,2522)  (2259,2561)  (2221,2527)  (2182,2528)  (2143,2529)  (2104,2530)  (2065,2544)  (2028,2551)  (1988,2555)  (1948,2572)  (1909,2581)  (2068,2584)  (2106,2570)  (2145,2569)  (2184,2568)  (2221,2567)
Shetlands  (707,652)  (700,691)
Sardinia  (1278,1842)  (1305,1805)  (1298,1878)
Sinai  (2699,2439)  (2734,2475)  (2670,2403)  (2706,2403)  (2735,2439)  (2733,2511)  (2771,2432)
Karelija  (2597,458)  (2561,493)  (2561,457)  (2611,494)  (2597,422)  (2633,445)  (2559,421)  (2647,481)  (2669,445)  (2683,481)  (2705,435)  (2719,471)  (2741,415)  (2755,452)  (2755,488)  (2791,476)  (2791,512)  (2827,478)  (2827,514)  (2863,493)  (2887,529)
Lesser Armenia  (2874,2029)  (2914,2028)  (2847,1992)  (2809,2012)  (2771,2011)  (2732,2021)  (2731,1979)  (2768,1968)  (2807,1972)
Portugal  (253,1906)  (279,1870)  (288,1942)  (289,1906)  (315,1840)  (321,1978)  (285,1978)  (325,1891)  (325,1927)  (289,1804)
Zeiri  (1213,2321)  (1248,2357)  (1212,2357)  (1219,2285)  (1249,2321)  (1255,2279)  (1284,2357)  (1284,2393)  (1248,2393)  (1212,2393)  (1224,2243)  (1260,2243)  (1205,2207)  (1241,2207)
Warsaw  (1924,1207)  (1906,1171)  (1960,1206)  (1996,1209)  (2032,1206)  (2068,1201)
SZ 31  (1012,1918)  (976,1953)  (976,1917)  (1047,1954)  (1012,1882)  (1048,1882)  (1048,1918)  (1011,1989)  (975,1989)  (1083,1954)  (1083,1990)  (1047,1990)  (972,1846)  (1008,1846)  (1044,1846)  (1080,1846)  (1084,1882)  (1084,1918)  (1116,1819)  (1119,1954)  (1119,1990)  (1120,1855)  (1120,1891)  (1152,1819)  (1155,1927)  (1155,1963)  (1155,1999)  (1156,1855)  (1156,1891)  (1188,1819)  (1191,1927)  (1191,1963)  (1191,1999)  (1192,1855)  (1192,1891)  (1227,1927)  (1227,1963)  (1227,1999)  (1228,1840)  (1228,1876)
Ponthieu  (883,1256)
SZ 30  (851,1981)  (815,2016)  (815,1980)  (886,2017)  (851,1945)  (887,1945)  (887,1981)  (813,1944)  (922,2017)  (849,1909)  (885,1909)  (921,1909)  (923,1945)  (923,1981)  (799,1908)  (835,1873)  (871,1873)  (791,1872)  (828,1837)  (864,1837)  (900,1837)  (902,1801)
Brandenburg  (1441,1170)  (1476,1206)  (1440,1206)  (1443,1134)  (1477,1170)  (1479,1134)  (1512,1206)
Kiev  (2406,1216)  (2370,1251)  (2370,1215)  (2441,1252)  (2406,1180)  (2442,1180)  (2442,1216)  (2368,1179)  (2358,1287)  (2334,1251)  (2334,1215)  (2477,1252)  (2477,1288)  (2404,1144)  (2440,1144)  (2476,1144)  (2478,1180)  (2478,1216)  (2332,1179)  (2322,1299)  (2298,1217)  (2513,1252)  (2513,1288)  (2513,1324)  (2514,1163)  (2514,1199)  (2305,1335)  (2269,1325)  (2549,1235)  (2549,1271)  (2549,1307)  (2550,1163)  (2550,1199)  (2585,1235)  (2585,1271)  (2585,1307)  (2586,1160)  (2586,1196)
SZ 37  (1602,1631)  (1566,1625)  (1637,1667)  (1601,1667)  (1602,1595)  (1547,1589)  (1673,1670)  (1637,1703)  (1676,1706)  (1523,1553)  (1511,1598)  (1712,1675)  (1748,1696)
SZ 36  (1809,1882)  (1773,1866)  (1844,1918)  (1808,1918)  (1845,1878)  (1855,1836)  (1772,1932)  (1880,1914)  (1881,1872)  (1831,1800)  (1867,1800)  (1788,1785)  (1916,1908)  (1744,1767)  (1824,1764)  (1860,1764)  (1780,1749)
Chernigov  (2551,970)  (2515,964)  (2586,1006)  (2550,1006)  (2551,934)  (2587,934)  (2587,970)  (2622,1006)  (2623,923)  (2623,959)  (2658,995)
Upsala  (1517,800)  (1481,831)  (1481,795)  (1552,836)  (1517,764)  (1553,764)  (1553,800)  (1475,759)  (1588,836)  (1588,872)  (1552,872)  (1511,728)  (1547,728)  (1589,756)  (1589,792)  (1439,763)  (1439,727)  (1475,723)  (1624,828)  (1624,864)  (1624,900)  (1588,908)  (1552,908)  (1511,692)  (1547,692)  (1625,764)  (1436,691)  (1472,687)  (1660,800)  (1660,836)  (1660,872)  (1572,944)  (1536,944)  (1661,764)  (1696,800)  (1696,836)  (1697,731)  (1715,695)  (1733,731)  (1751,694)  (1769,730)  (1787,690)
SZ 39  (1920,2191)  (1884,2226)  (1884,2190)  (1955,2227)  (1920,2155)  (1956,2155)  (1956,2191)  (1882,2154)  (1919,2262)  (1883,2262)  (1991,2227)  (1992,2142)  (1992,2178)  (1904,2298)  (1868,2298)  (2027,2214)  (2028,2142)  (2028,2178)  (1895,2334)  (1859,2334)  (2063,2214)  (2064,2142)  (2064,2178)  (2085,2250)  (1895,2370)  (1859,2370)  (2099,2214)  (2100,2142)  (2100,2178)  (2121,2250)  (2135,2214)  (2136,2148)  (2157,2250)  (2169,2286)  (2171,2184)  (2193,2220)  (2205,2256)  (2205,2292)  (2207,2165)
SZ 38  (1600,2215)  (1564,2243)  (1564,2207)  (1635,2251)  (1636,2199)  (1528,2242)  (1528,2206)  (1671,2235)  (1671,2271)  (1672,2199)  (1691,2307)  (1492,2242)  (1492,2206)  (1707,2235)  (1707,2271)  (1708,2199)  (1727,2307)  (1456,2228)  (1743,2235)  (1743,2271)  (1744,2199)  (1763,2307)  (1770,2343)  (1420,2199)  (1779,2235)  (1779,2271)  (1780,2199)  (1799,2307)  (1806,2343)  (1815,2235)  (1815,2271)  (1816,2199)
SZ 33  (1398,1779)  (1362,1814)  (1362,1778)  (1433,1815)  (1398,1743)  (1434,1749)  (1360,1742)  (1469,1785)  (1469,1821)  (1342,1706)  (1505,1803)  (1334,1670)  (1541,1803)
SZ 32  (1092,1745)  (1056,1780)  (1056,1744)  (1127,1781)  (1092,1709)  (1128,1709)  (1128,1745)  (1054,1708)  (1020,1781)  (1020,1745)  (1163,1781)  (1164,1692)  (1164,1728)  (1018,1709)  (984,1781)  (984,1745)  (1199,1764)  (1200,1665)  (1200,1701)  (982,1709)  (948,1781)  (1235,1737)  (1235,1773)  (1236,1653)  (1236,1689)  (1272,1627)  (1272,1663)
SZ 35  (1587,2082)  (1551,2117)  (1551,2081)  (1622,2118)  (1623,2058)  (1549,2045)  (1586,2153)  (1550,2153)  (1515,2117)  (1515,2081)  (1658,2094)  (1658,2130)  (1622,2154)  (1514,2154)  (1659,2049)  (1513,2045)  (1667,2002)  (1479,2118)  (1479,2082)  (1694,2085)  (1694,2121)  (1694,2157)  (1478,2161)  (1695,2038)  (1477,2046)  (1703,1991)  (1443,2125)  (1443,2089)  (1730,2074)  (1730,2110)  (1730,2146)  (1442,2161)  (1731,2027)  (1441,2053)  (1739,1981)  (1766,2063)  (1766,2099)  (1766,2135)  (1767,2017)  (1405,2079)  (1775,1981)  (1802,2053)  (1802,2089)  (1802,2125)  (1802,2161)  (1803,2017)  (1811,1981)
Dalmatia  (1776,1600)  (1801,1636)  (1837,1625)  (1834,1672)
SZ 34  (1398,1910)  (1362,1945)  (1362,1909)  (1433,1946)  (1398,1874)  (1434,1874)  (1434,1910)  (1360,1873)  (1397,1981)  (1361,1981)  (1326,1945)  (1469,1946)  (1466,1982)  (1325,1982)  (1470,1859)  (1470,1895)  (1290,1946)  (1505,1931)  (1289,1994)  (1506,1859)  (1506,1895)  (1541,1931)  (1542,1859)  (1542,1895)  (1577,1931)  (1578,1859)  (1578,1895)  (1613,1931)  (1614,1860)  (1649,1896)  (1649,1932)
SZ 29  (565,2082)  (529,2109)  (529,2073)  (601,2059)  (601,2095)  (493,2092)  (637,2059)  (637,2095)  (673,2047)  (673,2083)  (709,2014)  (709,2050)  (745,2005)  (745,2041)
Munster  (237,1145)  (273,1119)
Epirus  (1911,1813)  (1917,1777)  (1947,1813)
Biskra  (1062,2287)  (1026,2275)  (1097,2323)  (1061,2323)  (1062,2251)  (1098,2251)  (1098,2287)  (1133,2323)  (1133,2359)  (1097,2359)  (1134,2217)  (1134,2253)  (1143,2181)  (1107,2395)  (1170,2247)
Palestine  (2755,2376)  (2793,2364)  (2797,2324)  (2834,2294)  (2816,2322)
Veliki Ustyug  (2967,535)  (2996,571)  (2974,499)  (3003,535)  (3010,492)  (2960,586)  (3032,571)  (3032,607)  (2996,607)  (3039,528)  (2979,456)  (3015,456)  (3046,492)
Gotland  (1830,840)
SZ 20  (38,1258)  (2,1293)  (2,1257)  (73,1294)  (38,1222)  (74,1222)  (74,1258)  (0,1221)  (37,1329)  (1,1329)  (109,1294)  (109,1330)  (73,1330)  (36,1186)  (72,1186)  (108,1186)  (110,1222)  (110,1258)  (0,1185)  (144,1152)  (37,1365)  (1,1365)  (145,1294)  (145,1330)  (145,1366)  (109,1366)  (73,1366)  (36,1150)  (72,1150)  (108,1150)  (146,1188)  (146,1224)  (0,1149)  (144,1116)  (180,1116)  (37,1401)  (1,1401)  (151,1402)  (115,1402)  (79,1402)  (36,1114)  (72,1114)  (108,1114)  (0,1113)  (43,1437)  (7,1437)  (151,1438)  (115,1438)  (79,1438)
Bohemia  (1689,1286)  (1653,1286)  (1725,1273)  (1761,1287)
SZ 28  (46,2361)  (10,2396)  (10,2360)  (81,2397)  (46,2325)  (82,2325)  (82,2361)  (8,2324)  (45,2432)  (9,2432)  (117,2397)  (117,2433)  (81,2433)  (44,2289)  (80,2289)  (116,2289)  (118,2325)  (118,2361)  (0,2288)  (152,2255)  (45,2468)  (9,2468)  (153,2397)  (153,2433)  (139,2469)  (103,2469)  (36,2253)  (72,2253)  (108,2253)  (154,2291)  (154,2327)  (0,2252)  (188,2221)  (67,2504)  (31,2504)  (190,2257)  (190,2293)  (224,2221)  (260,2221)
Sussex  (775,1208)  (813,1207)
SZ 27  (96,2038)  (60,2073)  (60,2037)  (131,2074)  (96,2002)  (132,2002)  (132,2038)  (58,2001)  (95,2109)  (59,2109)  (24,2073)  (24,2037)  (167,2074)  (167,2110)  (131,2110)  (23,2110)  (94,1966)  (130,1966)  (166,1966)  (168,2002)  (168,2038)  (22,2001)  (22,1965)  (58,1965)  (202,1932)  (95,2145)  (59,2145)  (203,2074)  (203,2110)  (203,2146)  (167,2146)  (131,2146)  (23,2146)  (94,1930)  (130,1930)  (166,1930)  (204,1968)  (204,2004)  (0,1929)  (36,1929)  (202,1896)  (95,2181)  (59,2181)  (239,2043)  (239,2079)  (239,2115)  (239,2151)  (203,2182)  (167,2182)  (131,2182)  (23,2182)  (72,1894)  (108,1894)  (144,1894)  (0,1893)  (36,1893)  (180,1860)  (216,1860)  (275,2042)  (275,2078)  (275,2114)  (275,2150)  (72,1858)  (108,1858)  (144,1858)  (0,1857)  (36,1857)  (180,1824)  (216,1824)  (311,2042)  (311,2078)  (311,2114)  (311,2150)  (72,1822)  (108,1822)  (144,1822)  (0,1821)  (36,1821)  (347,2038)  (347,2074)  (347,2110)  (347,2146)  (347,2182)  (383,2049)  (383,2085)  (383,2121)
Tours  (752,1398)  (787,1434)  (751,1434)  (777,1362)  (788,1398)  (823,1434)  (824,1391)
SZ 26  (587,1509)  (551,1544)  (551,1508)  (622,1545)  (587,1473)  (623,1473)  (623,1509)  (549,1472)  (586,1580)  (550,1580)  (515,1544)  (515,1508)  (658,1545)  (658,1581)  (622,1581)  (514,1581)  (585,1437)  (659,1503)  (513,1472)  (513,1436)  (549,1436)  (586,1616)  (550,1616)  (666,1617)  (630,1617)  (514,1617)
Apulia  (1689,1777)  (1732,1806)  (1653,1756)  (1784,1822)
SZ 25  (128,1553)  (92,1588)  (92,1552)  (163,1589)  (128,1517)  (164,1517)  (164,1553)  (90,1516)  (127,1624)  (91,1624)  (56,1588)  (56,1552)  (199,1589)  (199,1625)  (163,1625)  (55,1625)  (200,1500)  (200,1536)  (54,1516)  (127,1660)  (91,1660)  (20,1589)  (20,1553)  (235,1572)  (235,1608)  (235,1644)  (199,1661)  (163,1661)  (55,1661)  (19,1661)  (19,1625)  (236,1500)  (236,1536)  (18,1517)  (127,1696)  (91,1696)  (271,1572)  (271,1608)  (220,1697)  (184,1697)  (55,1697)  (19,1697)  (272,1500)  (272,1536)  (148,1732)  (112,1732)  (307,1572)  (307,1608)  (238,1733)  (202,1733)  (76,1733)  (40,1733)  (4,1733)  (308,1500)  (308,1536)  (343,1572)  (343,1608)  (344,1500)  (344,1536)  (379,1572)  (379,1608)  (380,1501)  (415,1537)  (415,1573)  (415,1609)  (416,1501)  (451,1537)  (451,1573)  (451,1609)  (452,1501)
SZ 24  (474,1302)  (438,1337)  (438,1301)  (484,1338)  (510,1281)  (520,1317)  (424,1265)  (448,1373)  (412,1373)  (402,1337)  (402,1301)  (460,1231)  (400,1229)  (556,1282)  (556,1318)  (474,1409)  (438,1409)  (402,1409)  (436,1195)  (397,1193)  (592,1263)  (592,1299)  (474,1445)  (438,1445)  (402,1445)  (625,1335)  (628,1267)
SZ 23  (266,1324)  (230,1359)  (230,1323)  (301,1360)  (266,1288)  (302,1288)  (302,1324)  (228,1287)  (265,1395)  (229,1395)  (194,1359)  (194,1323)  (337,1360)  (337,1396)  (301,1396)  (193,1396)  (264,1252)  (300,1252)  (336,1252)  (338,1288)  (338,1324)  (192,1287)  (192,1251)  (228,1251)  (265,1431)  (229,1431)  (359,1432)  (323,1432)  (193,1432)  (264,1216)  (300,1216)  (336,1216)  (189,1215)  (225,1215)
SZ 22  (904,1108)  (868,1090)  (939,1144)  (903,1144)  (904,1072)  (940,1072)  (940,1108)  (832,1086)  (975,1144)  (944,1180)  (908,1180)  (872,1180)  (976,1060)  (976,1096)  (1012,1060)  (1012,1096)  (841,1245)  (805,1252)  (1048,1060)  (761,1253)  (725,1286)  (1084,1060)  (689,1274)  (1120,1060)
SZ 21  (465,1051)  (501,1026)  (501,1062)  (465,1087)  (537,1026)  (537,1062)  (479,1123)  (443,1123)  (387,955)  (423,940)  (573,1060)  (365,919)  (401,904)
Bejaia  (915,2106)  (879,2141)  (879,2105)  (950,2142)  (915,2070)  (951,2070)  (951,2106)  (986,2142)  (986,2178)  (950,2178)  (987,2059)  (987,2095)  (1022,2131)  (1022,2167)  (1022,2203)  (1023,2053)  (1023,2089)  (1058,2125)  (1058,2161)  (1059,2065)  (1094,2101)  (1094,2137)  (1095,2065)  (1130,2101)
SZ 18  (2221,709)  (2270,702)  (2306,697)  (2149,722)  (2342,692)  (2152,819)  (2116,830)  (2113,728)  (2378,692)
SZ 19  (1889,600)  (1853,635)  (1853,599)  (1924,636)  (1889,564)  (1925,564)  (1925,600)  (1851,563)  (1888,671)  (1817,646)  (1817,610)  (1960,636)  (1960,672)  (1924,672)  (1892,528)  (1928,528)  (1961,564)  (1961,600)  (1964,525)  (1781,631)  (1991,489)  (2027,470)  (2038,434)  (2074,415)  (2074,451)  (2110,386)  (2110,422)  (2146,386)  (2182,397)
Cologne  (1186,1210)  (1150,1206)  (1222,1193)  (1222,1229)  (1258,1193)  (1258,1229)  (1294,1198)
Aragon  (753,1776)  (772,1812)  (741,1740)  (789,1766)  (736,1822)  (825,1766)  (861,1747)  (897,1731)
Papal States  (1467,1708)  (1503,1694)  (1503,1730)
Minsk  (2210,1061)  (2174,1045)  (2210,1025)  (2246,1050)  (2265,1086)  (2138,1051)  (2301,1058)  (2301,1094)  (2337,1066)  (2337,1102)
Moscow  (2774,949)  (2738,984)  (2809,985)  (2760,913)  (2796,913)  (2810,949)  (2832,891)  (2773,1020)  (2845,985)  (2845,1021)  (2809,1021)  (2757,877)  (2793,877)  (2846,927)
Aberdeen  (522,873)  (558,859)  (560,895)  (594,855)  (630,854)
Syria  (3002,2183)  (2992,2145)  (2977,2107)  (2953,2069)  (2979,2030)  (2993,2067)  (3017,2104)  (3032,2143)  (3032,2064)  (3023,2026)
Ulster  (340,1007)  (376,998)
Rostov  (3017,1312)  (3052,1348)  (3002,1276)  (3038,1276)  (3052,1384)  (3007,1240)  (3043,1240)  (3016,1406)  (3052,1420)
Patzinak  (2610,1419)  (2574,1451)  (2574,1415)  (2610,1383)  (2646,1383)  (2646,1419)  (2648,1455)  (2569,1379)  (2538,1452)  (2682,1376)  (2682,1412)  (2684,1448)  (2502,1482)  (2718,1402)  (2720,1438)  (2720,1474)  (2756,1443)  (2792,1446)
Riga  (2111,895)  (2147,897)  (2075,918)  (2075,882)  (2183,886)  (2039,917)  (2039,881)  (2219,868)  (2219,904)  (2003,909)  (2255,868)  (2255,904)
Kairwan  (1316,2294)  (1351,2330)  (1329,2258)  (1352,2294)  (1365,2245)  (1387,2330)  (1360,2366)  (1388,2281)  (1330,2209)  (1312,2173)
Hebrides  (379,803)
Tlemsen  (807,2300)  (771,2316)  (771,2280)  (842,2336)  (807,2264)  (843,2264)  (843,2300)  (806,2352)  (750,2244)  (735,2293)  (878,2336)  (878,2372)  (842,2372)  (833,2228)  (869,2228)  (879,2264)  (879,2300)  (714,2257)  (905,2218)  (914,2336)  (914,2372)  (915,2254)  (915,2290)  (950,2326)  (950,2362)  (951,2228)  (951,2264)  (986,2313)  (986,2349)  (986,2385)  (1022,2365)
Aydin  (2405,1993)  (2369,1993)  (2441,1978)  (2441,2014)  (2477,2008)  (2477,2044)  (2513,2009)
Tunis  (1309,2067)  (1344,2103)  (1345,2053)  (1380,2123)
Karasi  (2364,1883)  (2328,1859)  (2399,1919)  (2363,1919)  (2400,1850)  (2435,1886)  (2471,1883)
Cornwall  (542,1228)  (624,1216)
Palermo  (1525,1976)  (1562,1995)
SZ 42  (2526,2244)  (2490,2279)  (2490,2243)  (2561,2280)  (2526,2208)  (2562,2208)  (2562,2244)  (2488,2207)  (2525,2315)  (2489,2315)  (2597,2280)  (2597,2316)  (2561,2316)  (2524,2172)  (2560,2172)  (2596,2172)  (2598,2208)  (2598,2244)  (2470,2171)  (2633,2280)  (2633,2316)  (2634,2177)  (2634,2213)  (2669,2249)  (2669,2285)  (2669,2321)  (2670,2187)  (2705,2223)  (2705,2259)  (2705,2295)  (2705,2331)  (2706,2187)  (2741,2223)  (2741,2259)  (2741,2295)  (2742,2187)  (2777,2223)  (2778,2187)
Sundsval  (1571,580)  (1535,613)  (1535,577)  (1606,616)  (1571,544)  (1607,544)  (1607,580)  (1531,541)  (1499,583)  (1642,616)  (1642,652)  (1606,652)  (1567,508)  (1643,551)  (1678,587)  (1678,623)  (1665,688)  (1629,688)  (1714,573)  (1714,609)  (1714,645)  (1750,571)
SZ 41  (2310,2212)  (2274,2247)  (2274,2211)  (2345,2248)  (2310,2176)  (2346,2176)  (2346,2212)  (2272,2175)  (2309,2283)  (2273,2283)  (2381,2248)  (2381,2284)  (2345,2284)  (2308,2140)  (2344,2140)  (2382,2159)  (2382,2195)  (2309,2319)  (2273,2319)  (2417,2231)  (2417,2267)  (2417,2303)  (2381,2320)  (2345,2320)  (2273,2104)  (2309,2104)  (2345,2104)  (2418,2159)  (2418,2195)  (2432,2339)  (2268,2068)  (2304,2068)  (2340,2068)  (2268,2032)  (2304,2032)
SZ 40  (1955,2047)  (1919,2082)  (1919,2046)  (1990,2083)  (1955,2011)  (1991,2012)  (1917,2010)  (1883,2104)  (1883,2068)  (2026,2057)  (2026,2093)  (1881,2032)  (1881,1996)  (2062,2075)  (2098,2068)  (2098,2104)  (2122,2029)  (2134,2065)  (2158,1999)  (2170,2035)  (2170,2071)  (2194,1998)  (2206,2034)  (2206,2070)
San Marino  (1553,1691)  (1570,1726)
SZ 46  (2840,1670)  (2804,1705)  (2804,1669)  (2875,1706)  (2840,1634)  (2876,1634)  (2876,1670)  (2802,1633)  (2768,1711)  (2768,1675)  (2911,1706)  (2911,1742)  (2875,1742)  (2838,1598)  (2874,1598)  (2912,1601)  (2912,1637)  (2766,1639)  (2785,1597)  (2732,1719)  (2732,1683)  (2947,1673)  (2947,1709)  (2947,1745)  (2948,1616)  (2730,1647)  (2983,1652)  (2983,1688)  (2983,1724)  (2983,1760)  (3019,1647)  (3019,1683)  (3019,1719)  (3019,1755)
Venice  (1427,1611)  (1462,1647)  (1426,1647)  (1427,1575)  (1423,1539)
SZ 45  (2490,1630)  (2454,1665)  (2454,1629)  (2525,1666)  (2490,1594)  (2526,1594)  (2526,1630)  (2489,1701)  (2453,1701)  (2561,1666)  (2561,1702)  (2525,1702)  (2417,1702)  (2500,1558)  (2536,1558)  (2562,1594)  (2562,1630)  (2572,1548)  (2489,1737)  (2453,1737)  (2597,1666)  (2597,1702)  (2597,1738)  (2561,1738)  (2525,1738)  (2417,1738)  (2598,1584)  (2598,1620)  (2551,1512)  (2587,1512)  (2608,1548)  (2633,1656)  (2633,1692)  (2633,1728)  (2634,1584)  (2634,1620)  (2669,1656)  (2669,1692)  (2670,1575)  (2670,1611)
SZ 44  (2169,1877)  (2133,1878)  (2204,1913)  (2195,1841)  (2205,1877)  (2231,1824)  (2240,1913)  (2240,1949)  (2204,1949)  (2241,1860)  (2276,1905)
Ghudanis  (1321,2461)  (1356,2497)  (1357,2437)  (1392,2473)  (1397,2509)  (1428,2468)  (1433,2504)
Bordeaux  (713,1636)  (717,1600)
SZ 43  (2572,2089)  (2536,2121)  (2608,2081)  (2608,2117)  (2500,2121)  (2644,2103)  (2464,2121)  (2442,2085)  (2428,2121)  (2749,2083)  (2751,2140)  (2785,2071)  (2787,2107)  (2787,2143)
Phoenicia  (2838,2224)  (2853,2188)
SZ 47  (2846,1498)  (2810,1513)  (2882,1488)  (2894,1524)  (2918,1477)
Utrecht  (1064,1157)  (1100,1153)  (1113,1108)
Mallorcas  (934,1871)
Asyut  (2512,2562)  (2476,2580)  (2548,2540)  (2548,2576)  (2440,2580)  (2584,2533)  (2584,2569)  (2404,2580)  (2620,2525)  (2620,2561)  (2368,2580)  (2656,2544)  (2656,2580)  (2332,2580)  (2313,2544)
Bulgaria  (2040,1589)  (2002,1576)  (2080,1591)  (2119,1595)  (2076,1634)  (2115,1638)  (2093,1673)  (2135,1674)  (2106,1712)  (2148,1714)  (2191,1727)  (2178,1675)
Transylvania  (2103,1415)  (2140,1414)  (2176,1415)  (2211,1416)  (2210,1380)  (2247,1418)  (2248,1378)  (2245,1451)  (2245,1494)  (2208,1470)  (2171,1452)  (2131,1452)  (2131,1493)  (2170,1491)  (2171,1528)  (2131,1535)  (2159,1510)
Yorkshire  (727,1075)  (752,1108)
Vilnius  (2078,1113)  (2096,1149)  (2114,1103)  (2150,1097)
Debrecen  (2008,1454)  (1970,1456)  (1987,1495)  (2023,1492)  (2063,1493)  (2024,1529)  (2050,1454)  (2030,1476)
Trondhjem  (1427,465)  (1391,500)  (1462,501)  (1463,450)  (1426,536)  (1390,536)  (1355,500)  (1498,486)  (1354,537)  (1499,425)  (1513,385)  (1318,557)  (1318,521)  (1535,421)  (1535,457)  (1549,361)  (1282,556)  (1585,359)  (1246,552)  (1621,351)
Ozero  (2421,627)  (2385,642)  (2457,607)  (2493,607)  (2529,592)
Kent  (802,1133)  (838,1134)
Luxemburg  (1068,1333)  (1055,1297)  (1091,1297)  (1104,1333)  (1129,1369)  (1140,1331)  (1165,1367)
Macedonia  (1998,1805)  (2040,1803)  (2112,1798)  (2154,1778)  (2209,1777)
Cracow  (1915,1262)  (1978,1258)  (2014,1266)
Mazovia  (1745,1182)  (1754,1146)  (1780,1218)  (1781,1182)  (1790,1135)  (1816,1218)  (1817,1171)  (1826,1114)  (1853,1161)
Svizhden  (2378,1370)  (2413,1406)  (2388,1334)  (2414,1370)  (2424,1324)  (2449,1406)  (2449,1442)  (2450,1360)  (2485,1402)
Wales  (545,1165)  (558,1129)  (581,1165)
Cairo  (2524,2409)  (2488,2406)  (2559,2445)  (2525,2373)  (2560,2409)  (2561,2372)  (2595,2445)  (2590,2481)  (2596,2408)  (2597,2366)
Naples  (1583,1779)  (1618,1790)
Bavaria  (1523,1361)  (1559,1358)  (1590,1316)  (1595,1352)  (1631,1327)
Pereyaslavl  (2669,1125)  (2633,1112)  (2704,1161)  (2668,1161)  (2669,1089)  (2705,1089)  (2705,1125)  (2619,1076)  (2740,1161)  (2740,1197)  (2704,1197)  (2668,1197)  (2689,1053)  (2725,1053)  (2741,1089)  (2741,1125)  (2583,1055)  (2776,1161)  (2776,1197)  (2777,1075)  (2777,1111)  (2796,1233)  (2812,1147)  (2812,1183)  (2813,1096)  (2832,1219)  (2848,1132)
SZ 9  (823,510)  (787,545)  (787,509)  (858,546)  (823,474)  (859,474)  (859,510)  (785,473)  (822,581)  (786,581)  (751,545)  (751,509)  (894,546)  (894,582)  (858,582)  (750,582)  (821,438)  (857,438)  (893,438)  (895,474)  (895,510)  (749,473)  (749,437)  (785,437)  (929,404)  (822,617)  (786,617)  (715,546)  (715,510)  (930,546)  (930,582)  (930,618)  (894,618)  (858,618)  (750,618)  (714,618)  (714,582)  (821,402)  (857,402)  (893,402)  (931,440)  (931,476)  (713,474)  (713,438)  (713,402)  (749,401)  (785,401)  (929,368)  (965,368)  (965,404)  (822,653)  (786,653)  (966,512)  (966,548)  (966,584)  (966,620)  (930,654)  (894,654)  (858,654)  (750,654)  (714,654)  (713,366)  (821,366)  (857,366)  (893,366)  (967,440)  (967,476)  (749,365)  (785,365)  (968,656)  (1001,351)  (1001,387)  (1002,512)  (1002,548)  (1002,584)  (1002,620)  (1003,423)  (1003,459)  (1004,656)  (1037,351)  (1037,387)  (1038,495)  (1038,531)  (1038,567)  (1038,603)  (1039,423)  (1039,459)  (1040,639)
Edinburgh  (532,945)  (568,955)  (488,915)  (604,953)
Skopje  (2004,1738)  (1968,1744)  (2035,1702)  (2040,1738)  (2028,1666)  (2076,1755)
SZ 3  (1211,117)  (1175,152)  (1175,116)  (1246,153)  (1211,81)  (1247,81)  (1247,117)  (1173,80)  (1210,188)  (1174,188)  (1139,152)  (1139,116)  (1282,153)  (1282,189)  (1246,189)  (1138,189)  (1209,45)  (1245,45)  (1281,45)  (1283,81)  (1283,117)  (1137,80)  (1137,44)  (1173,44)  (1317,11)  (1210,224)  (1174,224)  (1103,153)  (1103,117)  (1318,153)  (1318,189)  (1318,225)  (1282,225)  (1246,225)  (1138,225)  (1102,225)  (1102,189)  (1209,9)  (1245,9)  (1281,9)  (1319,47)  (1319,83)  (1101,81)  (1101,45)  (1101,9)  (1137,8)  (1173,8)  (1353,0)  (1210,260)  (1174,260)  (1067,153)  (1067,117)  (1354,119)  (1354,155)  (1354,191)  (1354,227)  (1318,261)  (1282,261)  (1246,261)  (1138,261)  (1102,261)  (1066,261)  (1066,225)  (1066,189)  (1355,36)  (1355,72)  (1065,81)  (1065,45)  (1065,9)  (1356,263)  (1389,0)  (1210,296)  (1174,296)  (1390,108)  (1390,144)  (1390,180)  (1390,216)  (1320,297)  (1284,297)  (1248,297)  (1138,297)  (1102,297)  (1066,297)  (1391,36)  (1391,72)  (1392,252)  (1392,288)  (1356,299)  (1425,0)  (1426,108)  (1426,144)  (1426,180)  (1426,216)  (1427,36)  (1427,72)  (1428,252)  (1428,288)  (1461,0)  (1462,108)  (1462,144)  (1462,180)  (1462,216)  (1463,36)  (1463,72)  (1464,252)  (1464,288)  (1497,0)  (1498,108)  (1498,144)  (1498,180)  (1498,216)  (1499,36)  (1499,72)  (1500,252)  (1500,288)  (1536,253)  (1536,289)  (1572,253)
SZ 10  (1182,434)  (1146,469)  (1146,433)  (1217,470)  (1182,398)  (1218,398)  (1218,434)  (1144,397)  (1181,505)  (1145,505)  (1110,469)  (1110,433)  (1253,470)  (1217,506)  (1109,506)  (1180,362)  (1216,362)  (1252,362)  (1254,398)  (1254,434)  (1108,397)  (1108,361)  (1144,361)  (1288,351)  (1289,470)  (1125,542)  (1089,542)  (1290,387)  (1290,423)  (1324,351)  (1326,387)  (1326,423)  (1360,351)  (1362,387)  (1362,423)  (1396,351)  (1398,387)  (1432,351)  (1434,387)  (1468,351)
SZ 4  (1791,57)  (1755,92)  (1755,56)  (1826,93)  (1791,21)  (1827,21)  (1827,57)  (1753,20)  (1790,128)  (1754,128)  (1719,92)  (1719,56)  (1862,93)  (1718,129)  (1863,0)  (1863,36)  (1717,20)  (1683,93)  (1683,57)  (1898,72)  (1682,144)  (1899,0)  (1899,36)  (1681,21)  (1647,108)  (1647,72)  (1934,72)  (1646,160)  (1935,0)  (1935,36)  (1645,36)  (1645,0)  (1957,108)  (1611,124)  (1611,88)  (1970,72)  (1610,171)  (1971,0)  (1971,36)  (1609,52)  (1609,16)  (1575,135)  (1575,99)  (2006,72)  (1574,198)  (2007,0)  (2007,36)  (1573,63)  (1573,27)  (2042,72)  (2043,0)  (2043,36)  (2078,72)  (2079,0)  (2079,36)  (2114,72)  (2115,0)  (2115,36)  (2151,0)  (2151,36)  (2187,0)  (2187,36)  (2223,0)  (2223,36)
SZ 11  (72,722)  (36,757)  (36,721)  (107,758)  (72,686)  (108,686)  (108,722)  (34,685)  (71,793)  (35,793)  (0,757)  (0,721)  (143,758)  (143,794)  (107,794)  (70,650)  (106,650)  (142,650)  (144,686)  (144,722)  (0,649)  (178,616)  (71,829)  (35,829)  (179,758)  (179,794)  (179,830)  (143,830)  (107,830)  (36,614)  (72,614)  (108,614)  (180,652)  (180,688)  (0,613)  (214,597)  (71,865)  (35,865)  (215,724)  (215,760)  (215,796)  (215,832)  (179,866)  (143,866)  (107,866)  (216,633)  (216,669)  (217,868)  (250,597)  (71,901)  (35,901)  (251,705)  (251,741)  (251,777)  (251,813)  (181,902)  (145,902)  (109,902)  (252,633)  (252,669)  (253,849)  (253,885)  (217,904)  (270,921)  (286,597)  (73,937)  (37,937)  (1,937)  (287,705)  (287,741)  (287,777)  (287,813)  (181,938)  (145,938)  (109,938)  (288,633)  (288,669)  (289,849)  (289,885)  (234,940)  (306,921)  (306,957)  (270,957)  (322,597)  (73,973)  (37,973)  (1,973)  (323,705)  (323,741)  (323,777)  (323,813)  (198,974)  (162,974)  (126,974)  (324,633)  (324,669)  (325,881)  (234,976)  (90,1009)  (54,1009)  (18,1009)  (359,705)  (359,741)  (359,777)  (182,1010)  (146,1010)  (360,602)  (360,638)  (110,1045)  (74,1045)  (38,1045)  (2,1045)  (179,1046)
SZ 1  (161,147)  (125,182)  (125,146)  (196,183)  (161,111)  (197,111)  (197,147)  (123,110)  (160,218)  (124,218)  (89,182)  (89,146)  (232,183)  (232,219)  (196,219)  (88,219)  (159,75)  (195,75)  (231,75)  (233,111)  (233,147)  (87,110)  (87,74)  (123,74)  (267,41)  (160,254)  (124,254)  (53,183)  (53,147)  (268,183)  (268,219)  (268,255)  (232,255)  (196,255)  (88,255)  (52,255)  (52,219)  (159,39)  (195,39)  (231,39)  (269,77)  (269,113)  (51,111)  (51,75)  (51,39)  (87,38)  (123,38)  (267,5)  (303,5)  (303,41)  (160,290)  (124,290)  (17,183)  (17,147)  (304,149)  (304,185)  (304,221)  (304,257)  (268,291)  (232,291)  (196,291)  (88,291)  (52,291)  (16,291)  (16,255)  (16,219)  (16,3)  (159,3)  (195,3)  (231,3)  (305,77)  (305,113)  (15,111)  (15,75)  (15,39)  (52,2)  (88,2)  (306,293)  (339,0)  (339,36)  (340,149)  (340,185)  (340,221)  (340,257)  (341,72)  (341,108)  (342,293)  (375,0)  (375,36)  (376,144)  (376,180)  (376,216)  (376,252)  (377,72)  (377,108)  (378,288)  (411,0)  (411,36)  (412,144)  (412,180)  (412,216)  (412,252)  (413,72)  (413,108)  (414,288)  (447,0)  (447,36)  (448,144)  (448,180)  (448,216)  (448,252)  (449,72)  (449,108)  (450,288)  (483,0)  (483,36)  (484,144)  (484,180)  (484,216)  (484,252)  (485,72)  (485,108)
SZ 12  (637,758)  (601,760)  (601,724)  (672,794)  (637,722)  (673,722)  (673,758)  (636,796)  (565,760)  (565,724)  (708,794)  (708,830)  (709,726)  (529,763)  (529,727)  (744,762)  (744,798)  (744,834)  (708,866)  (745,712)  (748,870)  (672,878)  (493,760)  (493,724)  (780,748)  (780,784)  (780,820)  (712,902)  (781,712)  (784,856)  (784,892)  (748,906)  (676,914)  (806,928)  (457,769)  (457,733)  (712,938)  (770,942)  (808,964)  (421,770)  (421,734)  (734,974)  (772,978)  (415,844)  (808,1000)  (772,1014)
SZ 2  (679,190)  (643,225)  (643,189)  (714,226)  (679,154)  (715,154)  (715,190)  (641,153)  (678,261)  (642,261)  (607,225)  (607,189)  (750,226)  (750,262)  (714,262)  (606,262)  (677,118)  (713,118)  (749,118)  (751,154)  (751,190)  (605,153)  (605,117)  (641,117)  (785,84)  (678,297)  (642,297)  (571,226)  (571,190)  (786,226)  (786,262)  (786,298)  (750,298)  (714,298)  (606,298)  (570,298)  (570,262)  (677,82)  (713,82)  (749,82)  (787,120)  (787,156)  (569,154)  (569,118)  (569,82)  (605,81)  (641,81)  (785,48)  (821,48)  (821,84)  (535,226)  (535,190)  (822,192)  (822,228)  (822,264)  (822,300)  (534,313)  (534,277)  (534,46)  (677,46)  (713,46)  (749,46)  (823,120)  (823,156)  (533,154)  (533,118)  (533,82)  (570,45)  (606,45)  (785,12)  (821,12)  (857,12)  (857,48)  (857,84)  (858,192)  (858,228)  (858,264)  (858,300)  (523,10)  (642,10)  (678,10)  (714,10)  (859,120)  (859,156)  (559,9)  (595,9)  (893,0)  (893,36)  (893,72)  (894,192)  (894,228)  (894,264)  (894,300)  (895,108)  (895,144)  (929,0)  (929,36)  (929,72)  (930,180)  (930,216)  (930,252)  (930,288)  (931,108)  (931,144)  (965,0)  (965,36)  (965,72)  (966,180)  (966,216)  (966,252)  (966,288)  (967,108)  (967,144)  (1001,0)  (1001,36)  (1001,72)  (1002,180)  (1002,216)  (1002,252)  (1002,288)  (1003,108)  (1003,144)
SZ 13  (928,881)  (892,916)  (892,880)  (963,917)  (928,845)  (964,845)  (964,881)  (890,844)  (927,952)  (891,952)  (856,916)  (856,880)  (999,917)  (999,953)  (963,953)  (855,953)  (926,809)  (962,809)  (998,809)  (1000,845)  (1000,881)  (854,844)  (854,808)  (890,808)  (1034,775)  (927,988)  (891,988)  (1035,917)  (1035,953)  (1035,989)  (999,989)  (963,989)  (855,989)  (926,773)  (962,773)  (998,773)  (1036,811)  (1036,847)  (846,772)  (882,772)  (1034,739)  (1070,739)  (1071,883)  (1071,919)  (1071,955)  (1071,991)  (918,737)  (954,737)  (990,737)  (1072,795)  (1072,831)  (846,736)  (882,736)  (1107,867)  (1107,903)  (1107,939)  (1107,975)  (1107,1011)  (1108,818)
SZ 14  (1217,833)  (1181,868)  (1181,832)  (1225,869)  (1253,818)  (1189,904)  (1289,810)  (1217,940)  (1181,940)  (1325,784)  (1325,820)  (1224,976)  (1188,976)  (1239,1012)  (1203,1012)  (1167,1012)
SZ 7  (118,437)  (82,472)  (82,436)  (153,473)  (118,401)  (154,401)  (154,437)  (80,400)  (117,508)  (81,508)  (46,472)  (46,436)  (189,473)  (189,509)  (153,509)  (45,509)  (116,365)  (152,365)  (188,365)  (190,401)  (190,437)  (44,400)  (44,364)  (80,364)  (224,352)  (117,544)  (81,544)  (10,473)  (10,437)  (225,473)  (225,509)  (225,545)  (189,545)  (153,545)  (45,545)  (9,545)  (9,509)  (226,388)  (226,424)  (8,401)  (8,365)  (260,352)  (261,460)  (261,496)  (261,532)  (262,388)  (262,424)  (296,352)  (297,460)  (297,496)  (297,532)  (298,388)  (298,424)  (332,352)  (333,460)  (333,496)  (333,532)  (334,388)  (334,424)
SZ 15  (1417,882)  (1399,846)  (1453,883)  (1380,941)  (1394,810)  (1390,977)  (1426,1002)
Clermont  (905,1556)  (869,1591)  (907,1592)  (941,1544)  (977,1529)  (977,1565)  (1013,1547)
SZ 8  (471,499)  (435,534)  (435,498)  (506,535)  (471,463)  (507,463)  (507,499)  (433,462)  (470,570)  (434,570)  (399,534)  (399,498)  (542,535)  (542,571)  (506,571)  (469,427)  (505,427)  (541,427)  (543,463)  (543,499)  (397,462)  (397,426)  (433,426)  (577,393)  (470,606)  (434,606)  (578,535)  (578,571)  (578,607)  (542,607)  (506,607)  (469,391)  (505,391)  (541,391)  (579,429)  (579,465)  (396,390)  (432,390)  (577,357)  (613,357)  (613,393)  (470,642)  (434,642)  (614,501)  (614,537)  (614,573)  (614,609)  (578,643)  (542,643)  (506,643)  (468,355)  (504,355)  (540,355)  (615,429)  (615,465)  (396,354)  (432,354)  (616,645)  (649,351)  (649,387)  (650,501)  (650,537)  (650,573)  (650,609)  (651,423)  (651,459)  (652,645)
SZ 5  (2398,13)  (2362,41)  (2362,5)  (2433,49)  (2434,0)  (2326,45)  (2326,9)  (2469,36)  (2470,0)  (2290,47)  (2290,11)  (2505,36)  (2506,0)  (2541,36)
SZ 16  (1656,975)  (1620,1010)  (1620,974)  (1680,1011)  (1692,946)  (1716,982)  (1584,1020)  (1728,906)  (1728,942)  (1752,978)  (1548,1010)  (1764,888)  (1764,924)  (1788,960)  (1512,996)  (1800,892)
SZ 6  (2808,63)  (2772,98)  (2772,62)  (2843,99)  (2808,27)  (2844,27)  (2844,63)  (2770,26)  (2807,134)  (2771,134)  (2736,98)  (2736,62)  (2879,99)  (2879,135)  (2843,135)  (2735,135)  (2880,0)  (2880,36)  (2734,26)  (2700,99)  (2700,63)  (2915,72)  (2915,108)  (2915,144)  (2699,138)  (2916,0)  (2916,36)  (2698,27)  (2664,102)  (2664,66)  (2951,72)  (2951,108)  (2951,144)  (2952,0)  (2952,36)  (2662,30)  (2955,180)  (2628,109)  (2628,73)  (2987,72)  (2987,108)  (2987,144)  (2988,0)  (2988,36)  (2626,37)  (2626,1)  (2991,180)  (2592,111)  (2592,75)  (3023,72)  (3023,108)  (3023,144)  (3024,0)  (3024,36)  (2590,39)  (2590,3)  (3027,180)
SZ 17  (1904,845)  (1868,880)  (1939,881)  (1890,809)  (1926,809)  (1940,845)  (1854,797)  (1962,787)  (1903,916)  (1867,916)  (1958,917)  (1890,773)  (1926,773)  (1976,823)  (1853,761)  (1818,801)  (1962,751)  (1998,751)  (1998,787)  (1922,952)  (1886,952)  (1959,953)  (1795,850)  (1889,737)  (1925,737)  (1782,814)  (2034,724)  (1903,988)  (1867,988)  (1759,850)
Toledo  (400,1856)  (435,1892)  (399,1892)  (367,1820)  (403,1820)  (436,1856)  (439,1817)  (471,1892)  (471,1928)  (399,1928)  (353,1784)  (389,1784)  (472,1853)  (425,1781)  (461,1781)  (475,1817)  (497,1759)  (507,1889)  (507,1925)  (406,1745)  (442,1745)  (513,1961)  (543,1925)
Oulu  (2312,443)  (2276,461)  (2276,425)  (2347,479)  (2312,407)  (2348,407)  (2348,443)  (2240,461)  (2383,479)  (2383,515)  (2384,400)  (2384,436)  (2204,475)  (2419,472)  (2419,508)  (2419,544)  (2420,399)  (2420,435)  (2168,485)  (2455,471)  (2455,507)  (2455,543)  (2456,404)  (2132,490)  (2491,440)
Hamburg  (1331,1124)  (1351,1088)
Candar  (2508,1815)  (2543,1851)  (2544,1811)  (2580,1807)  (2616,1789)
Algiers  (699,2153)  (707,2189)  (735,2119)  (743,2155)  (771,2115)  (779,2151)  (807,2094)
Novgorod  (2475,733)  (2510,769)  (2511,727)  (2547,725)  (2583,726)
Granada  (404,2002)  (436,2038)  (440,1989)  (472,2025)  (508,2004)
Krasnodar  (2984,1550)  (2948,1562)  (3019,1586)  (3011,1514)  (3020,1550)  (3047,1487)
Nuremberg  (1443,1283)  (1479,1271)  (1479,1307)  (1371,1310)  (1515,1271)  (1515,1307)
Metz  (1188,1284)  (1152,1275)  (1224,1279)  (1224,1315)  (1260,1283)  (1260,1319)
Connaught  (247,1059)  (283,1053)  (316,1089)
Lithuania  (2033,973)  (2068,1009)  (2069,960)  (2105,957)  (2105,993)  (2141,949)
Marseille  (1085,1607)  (1120,1643)  (1098,1571)  (1121,1607)  (1134,1558)  (1157,1594)
Zurich  (1257,1451)  (1245,1487)  (1293,1441)  (1306,1477)  (1342,1449)  (1342,1485)  (1378,1427)  (1378,1463)  (1390,1499)
Highlands  (490,826)  (527,802)  (461,859)
Wallachia  (2302,1506)  (2266,1539)  (2307,1542)  (2319,1470)  (2338,1506)  (2355,1453)  (2374,1489)  (2374,1525)  (2318,1409)  (2410,1497)  (2410,1533)  (2446,1513)  (2446,1549)
Saaremaa  (2062,789)
Smolensk  (2558,841)  (2522,849)  (2587,877)  (2577,805)  (2594,841)  (2630,823)  (2630,859)  (2666,846)  (2666,882)  (2702,876)
Genoa  (1259,1561)  (1223,1596)  (1223,1560)  (1295,1529)  (1295,1565)  (1331,1532)  (1331,1568)  (1367,1552)